4272.15 0.11 0 4334.59 0.13 2017-10-0320:22:36
4272.95 0.00 0 4335.28 0.00 2017-10-0320:27:11
4268.30 0.00 0 4335.43 0.00 2017-10-0320:31:52
4265.35 -0.69 -1454 4335.43 -0.07 2017-10-0320:36:52
4286.50 -0.87 -1454 4335.43 0.43 2017-10-0320:41:53
4291.85 -0.88 -1454 4335.43 0.55 2017-10-0320:46:57
4288.20 -0.89 -1454 4335.43 0.47 2017-10-0320:51:50
4285.05 -0.72 -1454 4335.43 0.39 2017-10-0320:56:56
4282.20 -0.85 -1454 4335.43 0.33 2017-10-0321:01:50
4282.70 -0.90 -1454 4335.43 0.34 2017-10-0321:06:50
4289.25 -1.19 -1454 4335.43 0.49 2017-10-0321:11:31
4289.15 -1.22 -1454 4335.43 0.49 2017-10-0321:16:15
4289.10 -1.34 -1454 4335.43 0.49 2017-10-0321:22:14
4288.45 -0.99 -1454 4335.43 0.47 2017-10-0321:27:14
4288.25 -1.15 -1454 4335.43 0.47 2017-10-0321:31:18
4286.75 -1.06 -1454 4335.43 0.43 2017-10-0321:37:15
4286.30 -0.84 -1454 4335.43 0.42 2017-10-0321:42:03
4287.15 -0.94 -1454 4335.43 0.44 2017-10-0321:47:17
4290.55 -0.95 -1454 4335.43 0.52 2017-10-0321:51:50
4286.30 -0.74 -1454 4335.43 0.42 2017-10-0321:56:59
4270.85 -0.15 -1454 4335.43 0.06 2017-10-0322:01:53
4282.10 0.00 0 4329.28 0.01 2017-10-0322:07:32
4278.60 -0.25 -1444 4329.28 -0.07 2017-10-0322:11:50
4279.35 -0.31 -1444 4329.28 -0.06 2017-10-0322:17:08
4277.45 -0.44 -1444 4329.28 -0.10 2017-10-0322:21:53
4283.25 -0.80 -1444 4329.28 0.03 2017-10-0322:26:51
4283.45 -0.69 -1444 4329.28 0.04 2017-10-0322:32:25
4287.80 -0.68 -1444 4329.28 0.14 2017-10-0322:37:13
4286.95 -0.48 -1444 4329.28 0.12 2017-10-0322:39:55
4283.70 -0.64 -1444 4329.28 0.04 2017-10-0322:46:50
4286.40 -0.87 -1444 4329.28 0.11 2017-10-0322:51:51
4295.30 -1.33 -1444 4329.28 0.32 2017-10-0322:57:11
4294.70 -0.99 -1444 4329.28 0.30 2017-10-0323:02:50
4296.85 -1.28 -1444 4329.28 0.35 2017-10-0323:07:50
4297.50 -1.28 -1444 4329.28 0.37 2017-10-0323:12:52
4301.70 -1.82 -1444 4329.28 0.46 2017-10-0323:17:50
4306.30 -2.04 -1444 4329.28 0.57 2017-10-0323:22:54
4306.60 -1.75 -1444 4329.28 0.58 2017-10-0323:27:17
4305.05 -1.60 -1444 4329.28 0.54 2017-10-0323:31:59
4306.50 -1.80 -1444 4329.28 0.58 2017-10-0323:37:55
4304.85 -1.72 -1444 4325.69 0.54 2017-10-0323:42:50
4304.85 -1.93 -1444 4325.69 0.54 2017-10-0323:47:51
4306.85 -1.96 -1444 4325.69 0.59 2017-10-0323:52:45
4310.45 -2.34 -1444 4325.69 0.67 2017-10-0323:57:50
4311.85 -2.18 -1444 4325.69 0.70 2017-10-0400:02:50
4314.05 -2.37 -1444 4325.69 0.75 2017-10-0400:07:45
4314.60 -2.26 -1444 4325.69 0.77 2017-10-0400:12:51
4308.50 -1.97 -1444 4325.69 0.62 2017-10-0400:17:56
4308.45 -2.05 -1444 4325.69 0.62 2017-10-0400:23:08
4304.20 -1.78 -1444 4325.69 0.52 2017-10-0400:28:12
4305.60 -1.59 -1444 4325.69 0.56 2017-10-0400:33:13
4306.25 -1.62 -1444 4325.69 0.57 2017-10-0400:37:56
4293.95 -1.18 -1444 4325.69 0.28 2017-10-0400:43:03
4292.95 -1.29 -1444 4325.69 0.26 2017-10-0400:48:14
4290.80 -1.26 -1444 4325.69 0.21 2017-10-0400:52:50
4293.10 -0.99 -1444 4325.69 0.26 2017-10-0400:57:50
4298.50 -1.63 -1444 4325.69 0.39 2017-10-0401:02:50
4299.60 -1.63 -1444 4325.69 0.42 2017-10-0401:07:50
4296.95 -1.83 -1444 4325.69 0.35 2017-10-0401:13:09
4300.25 -1.85 -1444 4325.69 0.43 2017-10-0401:18:10
4301.10 -1.56 -1444 4321.92 0.45 2017-10-0401:22:50
4302.95 -1.90 -1444 4321.92 0.49 2017-10-0401:28:18
4302.90 -1.78 -1444 4321.92 0.49 2017-10-0401:31:51
4304.95 -1.51 -1444 4321.92 0.54 2017-10-0401:38:20
4302.70 -1.70 -1444 4321.92 0.49 2017-10-0401:43:20
4299.05 -1.62 -1444 4321.92 0.40 2017-10-0401:47:50
4300.90 -1.77 -1444 4321.92 0.45 2017-10-0401:52:50
4301.75 -1.73 -1444 4321.92 0.47 2017-10-0401:57:50
4302.15 -1.84 -1444 4321.92 0.48 2017-10-0402:01:45
4295.15 -1.22 -1444 4321.92 0.31 2017-10-0402:06:53
4294.05 -1.04 -1444 4321.92 0.29 2017-10-0402:13:23
4292.45 -1.48 -1444 4321.92 0.25 2017-10-0402:18:16
4295.20 -0.98 -1444 4321.92 0.31 2017-10-0402:23:39
4290.45 -1.27 -1444 4321.92 0.20 2017-10-0402:27:50
4293.85 -1.39 -1444 4321.92 0.28 2017-10-0402:32:50
4300.30 -1.29 -1444 4321.92 0.43 2017-10-0402:38:40
4296.80 -1.27 -1444 4321.92 0.35 2017-10-0402:42:50
4297.60 -1.56 -1444 4321.92 0.37 2017-10-0402:48:18
4298.50 -1.48 -1444 4321.92 0.39 2017-10-0402:52:50
4295.85 -1.41 -1444 4321.92 0.33 2017-10-0402:58:14
4296.20 -1.53 -1444 4317.90 0.34 2017-10-0403:03:38
4302.60 -1.88 -1444 4317.90 0.49 2017-10-0403:08:50
4306.60 -1.66 -1444 4317.90 0.58 2017-10-0403:13:50
4306.25 -1.92 -1444 4317.90 0.57 2017-10-0403:18:51
4308.00 -1.91 -1444 4317.90 0.61 2017-10-0403:23:50
4302.90 -1.48 -1444 4317.90 0.49 2017-10-0403:28:51
4297.00 -1.51 -1444 4317.90 0.35 2017-10-0403:33:54
4298.15 -1.63 -1444 4317.90 0.38 2017-10-0403:38:50
4298.10 -1.33 -1444 4317.90 0.38 2017-10-0403:43:51
4300.00 -1.57 -1444 4317.90 0.43 2017-10-0403:48:50
4300.10 -1.62 -1444 4317.90 0.43 2017-10-0403:53:51
4300.15 -1.62 -1444 4317.90 0.43 2017-10-0403:58:50
4304.70 -2.01 -1444 4317.90 0.53 2017-10-0404:03:50
4312.90 -2.00 -1444 4317.90 0.73 2017-10-0404:08:50
4305.75 -1.93 -1444 4317.90 0.56 2017-10-0404:13:50
4308.50 -2.05 -1444 4317.90 0.62 2017-10-0404:18:51
4304.95 -1.99 -1444 4317.90 0.54 2017-10-0404:23:51
4304.85 -1.89 -1444 4317.90 0.54 2017-10-0404:28:47
4304.90 -1.91 -1444 4317.90 0.54 2017-10-0404:31:50
4304.95 -2.00 -1444 4317.90 0.54 2017-10-0404:38:50
4308.00 -1.98 -1444 4314.47 0.61 2017-10-0404:44:08
4308.85 -2.10 -1444 4314.47 0.63 2017-10-0404:48:50
4308.85 -2.05 -1444 4314.47 0.63 2017-10-0404:52:56
4307.25 -1.87 -1444 4314.47 0.59 2017-10-0404:59:06
4313.35 -1.99 -1444 4314.47 0.74 2017-10-0405:04:14
4311.60 -1.99 -1444 4314.47 0.70 2017-10-0405:08:50
4312.20 -2.09 -1444 4314.47 0.71 2017-10-0405:13:56
4311.00 -2.14 -1444 4314.47 0.68 2017-10-0405:19:20
4310.70 -2.14 -1444 4314.47 0.67 2017-10-0405:21:10
4309.65 -2.20 -1444 4314.47 0.65 2017-10-0405:28:50
4317.15 -2.45 0 4314.47 0.83 2017-10-0405:34:19
4335.55 -2.43 0 4314.47 1.26 2017-10-0405:39:21
4338.85 -2.25 967 4314.47 1.33 2017-10-0405:44:31
4330.80 -2.88 967 4314.47 1.14 2017-10-0405:49:28
4329.95 -2.67 967 4314.47 1.12 2017-10-0405:53:50
4333.15 -2.61 967 4314.47 1.20 2017-10-0405:59:06
4334.95 -2.66 967 4314.47 1.24 2017-10-0406:04:30
4342.85 -1.93 967 4314.47 1.43 2017-10-0406:09:30
4341.00 -2.20 967 4314.47 1.38 2017-10-0406:14:29
4335.60 -2.57 967 4312.42 1.26 2017-10-0406:18:50
4334.65 -2.54 967 4312.42 1.23 2017-10-0406:23:50
4334.85 -2.57 967 4312.42 1.24 2017-10-0406:29:08
4328.05 -3.05 967 4312.42 1.08 2017-10-0406:34:45
4327.05 -3.07 967 4312.42 1.06 2017-10-0406:39:46
4329.70 -2.95 967 4312.42 1.12 2017-10-0406:44:34
4331.40 -2.83 967 4312.42 1.16 2017-10-0406:49:38
4331.10 -2.96 967 4312.42 1.15 2017-10-0406:53:51
4330.75 -2.99 967 4312.42 1.14 2017-10-0406:59:51
4326.40 -3.22 967 4312.42 1.04 2017-10-0407:04:52
4326.00 -3.19 967 4312.42 1.03 2017-10-0407:09:35
4324.75 -3.21 967 4312.42 1.00 2017-10-0407:14:44
4329.50 -2.78 967 4312.42 1.11 2017-10-0407:19:36
4332.95 -2.75 967 4312.42 1.19 2017-10-0407:24:53
4336.15 -2.59 967 4312.42 1.27 2017-10-0407:29:56
4338.75 -2.28 967 4312.42 1.33 2017-10-0407:34:59
4335.05 -2.51 967 4312.42 1.24 2017-10-0407:39:51
4330.35 -2.78 967 4312.42 1.13 2017-10-0407:44:52
4328.05 -3.03 967 4312.42 1.08 2017-10-0407:49:51
4327.65 -3.18 967 4312.42 1.07 2017-10-0407:54:56
4331.50 -2.88 967 4309.40 1.16 2017-10-0408:00:03
4325.50 -3.10 967 4309.40 1.02 2017-10-0408:05:07
4316.15 -3.86 967 4309.40 0.80 2017-10-0408:09:57
4313.00 -4.32 967 4309.40 0.73 2017-10-0408:14:53
4299.70 -5.23 967 4309.40 0.42 2017-10-0408:20:02
4292.30 -5.75 967 4309.40 0.25 2017-10-0408:24:54
4289.45 -5.91 967 4309.40 0.18 2017-10-0408:30:03
4289.75 -5.80 967 4309.40 0.19 2017-10-0408:34:51
4294.70 -5.51 967 4309.40 0.30 2017-10-0408:40:15
4294.75 -5.70 967 4309.40 0.30 2017-10-0408:44:06
4271.55 -7.22 967 4309.40 -0.24 2017-10-0408:49:58
4279.45 -6.82 967 4309.40 -0.05 2017-10-0408:55:14
4276.80 -6.94 967 4309.40 -0.12 2017-10-0409:00:21
4284.10 -6.15 967 4309.40 0.05 2017-10-0409:04:50
4283.95 -6.12 967 4309.40 0.05 2017-10-0409:10:19
4284.95 -6.17 967 4309.40 0.07 2017-10-0409:14:51
4285.35 -6.07 967 4309.40 0.08 2017-10-0409:19:34
4275.55 -6.75 967 4309.40 -0.15 2017-10-0409:24:51
4278.50 -6.86 967 4309.40 -0.08 2017-10-0409:30:25
4267.85 -7.61 967 4309.40 -0.33 2017-10-0409:35:23
4255.05 -9.25 967 4303.12 -0.62 2017-10-0409:40:03
4255.05 -9.11 967 4303.12 -0.62 2017-10-0409:45:27
4239.35 -9.66 967 4303.12 -0.99 2017-10-0409:49:50
4242.80 -9.53 967 4303.12 -0.91 2017-10-0409:54:52
4240.95 -9.46 967 4303.12 -0.95 2017-10-0410:00:36
4245.45 -9.48 967 4303.12 -0.85 2017-10-0410:05:36
4246.95 -9.45 967 4303.12 -0.81 2017-10-0410:09:51
4221.95 -11.11 967 4303.12 -1.40 2017-10-0410:15:39
4216.75 -10.88 967 4303.12 -1.52 2017-10-0410:20:37
4225.25 -10.69 967 4303.12 -1.32 2017-10-0410:25:07
4226.15 -10.68 967 4303.12 -1.30 2017-10-0410:30:39
4225.45 -10.83 967 4303.12 -1.32 2017-10-0410:35:40
4225.45 -10.82 967 4303.12 -1.32 2017-10-0410:40:41
4227.15 -10.64 967 4303.12 -1.28 2017-10-0410:45:44
4228.05 -10.28 967 4303.12 -1.26 2017-10-0410:50:47
4232.75 -10.10 967 4303.12 -1.15 2017-10-0410:55:38
4242.15 -9.50 967 4303.12 -0.93 2017-10-0411:00:50
4235.45 -10.08 967 4303.12 -1.08 2017-10-0411:05:51
4236.05 -9.82 967 4303.12 -1.07 2017-10-0411:10:51
4241.45 -9.52 967 4303.12 -0.94 2017-10-0411:15:40
4233.00 -10.25 967 4294.13 -1.14 2017-10-0411:20:54
4226.65 -10.57 967 4294.13 -1.29 2017-10-0411:25:45
4228.70 -10.53 967 4294.13 -1.24 2017-10-0411:30:51
4240.55 -9.37 967 4294.13 -0.96 2017-10-0411:35:53
4239.30 -9.78 967 4294.13 -0.99 2017-10-0411:40:56
4236.50 -9.81 967 4294.13 -1.06 2017-10-0411:45:51
4238.85 -9.56 967 4294.13 -1.00 2017-10-0411:50:59
4239.05 -9.63 967 4294.13 -1.00 2017-10-0411:56:00
4245.05 -9.11 967 4294.13 -0.86 2017-10-0412:01:04
4248.30 -9.00 967 4294.13 -0.78 2017-10-0412:05:56
4249.60 -8.83 967 4294.13 -0.75 2017-10-0412:10:59
4249.85 -8.83 967 4294.13 -0.75 2017-10-0412:16:06
4250.15 -8.64 967 4294.13 -0.74 2017-10-0412:21:06
4249.40 -9.06 967 4294.13 -0.76 2017-10-0412:26:00
4240.25 -9.61 967 4294.13 -0.97 2017-10-0412:31:11
4229.65 -10.04 967 4294.13 -1.22 2017-10-0412:36:10
4217.55 -11.20 967 4294.13 -1.50 2017-10-0412:41:12
4215.10 -12.09 967 4294.13 -1.56 2017-10-0412:46:11
4191.15 -13.36 967 4294.13 -2.12 2017-10-0412:51:12
4195.55 -12.66 967 4294.13 -2.01 2017-10-0412:55:50
4197.85 -12.81 967 4283.44 -1.96 2017-10-0413:01:17
4205.75 -12.06 967 4283.44 -1.78 2017-10-0413:06:10
4199.35 -12.65 967 4283.44 -1.93 2017-10-0413:11:16
4199.65 -12.71 967 4283.44 -1.92 2017-10-0413:16:18
4185.65 -13.71 967 4283.44 -2.25 2017-10-0413:21:22
4191.30 -13.36 967 4283.44 -2.11 2017-10-0413:26:25
4199.95 -12.38 967 4283.44 -1.91 2017-10-0413:31:16
4200.95 -12.68 967 4283.44 -1.89 2017-10-0413:36:22
4196.75 -12.80 967 4283.44 -1.99 2017-10-0413:41:17
4200.65 -12.46 967 4283.44 -1.90 2017-10-0413:46:07
4205.30 -12.32 967 4283.44 -1.79 2017-10-0413:51:23
4216.25 -11.03 967 4283.44 -1.53 2017-10-0413:56:20
4219.85 -11.20 967 4283.44 -1.45 2017-10-0414:01:31
4210.75 -11.77 967 4283.44 -1.66 2017-10-0414:06:35
4215.15 -11.24 967 4283.44 -1.56 2017-10-0414:11:27
4216.15 -11.51 967 4283.44 -1.53 2017-10-0414:15:51
4216.25 -11.75 967 4283.44 -1.53 2017-10-0414:21:10
4215.80 -11.33 967 4283.44 -1.54 2017-10-0414:26:26
4207.65 -12.33 967 4283.44 -1.73 2017-10-0414:30:56
4209.05 -11.80 967 4283.44 -1.70 2017-10-0414:36:41
4209.25 -11.77 967 4278.99 -1.69 2017-10-0414:40:50
4211.25 -11.56 967 4278.99 -1.65 2017-10-0414:46:43
4212.40 -11.47 967 4278.99 -1.62 2017-10-0414:51:19
4213.45 -11.51 967 4278.99 -1.60 2017-10-0414:56:41
4206.25 -11.96 967 4278.99 -1.76 2017-10-0415:01:43
4201.60 -12.55 967 4278.99 -1.87 2017-10-0415:06:24
4208.00 -11.82 967 4278.99 -1.72 2017-10-0415:11:50
4215.70 -11.59 967 4278.99 -1.54 2017-10-0415:16:50
4215.30 -11.61 967 4278.99 -1.55 2017-10-0415:21:50
4215.40 -11.38 967 4278.99 -1.55 2017-10-0415:26:51
4225.40 -10.73 967 4278.99 -1.32 2017-10-0415:31:47
4225.75 -10.82 967 4278.99 -1.31 2017-10-0415:36:50
4217.60 -11.40 967 4278.99 -1.50 2017-10-0415:41:50
4220.95 -11.18 967 4278.99 -1.42 2017-10-0415:46:50
4219.25 -11.23 967 4278.99 -1.46 2017-10-0415:51:51
4218.05 -11.22 967 4278.99 -1.49 2017-10-0415:56:54
4217.55 -11.24 967 4278.99 -1.50 2017-10-0416:01:41
4217.65 -11.24 967 4278.99 -1.50 2017-10-0416:06:55
4218.20 -11.35 967 4278.99 -1.49 2017-10-0416:10:40
4217.80 -11.19 967 4278.99 -1.49 2017-10-0416:16:53
4201.20 -12.53 967 4274.89 -1.88 2017-10-0416:22:05
4197.75 -12.92 967 4274.89 -1.96 2017-10-0416:26:59
4202.75 -12.54 967 4274.89 -1.85 2017-10-0416:31:50
4199.45 -12.59 967 4274.89 -1.92 2017-10-0416:36:53
4201.90 -12.58 967 4274.89 -1.87 2017-10-0416:41:50
4200.45 -12.90 967 4274.89 -1.90 2017-10-0416:47:08
