3.61 0.00
5.84 0.00
7.56 0.00
16.78 0.00
3.74 0.00
-7.56 0.00
-5.96 -0.56
-5.88 -0.57
-6.72 -0.49
-6.40 -0.52
-20.86 0.69
-17.23 -0.70
-14.97 -1.57
-15.83 -1.24
-15.47 -1.38
-14.30 -1.83
-6.39 -13.72
-8.90 -15.63
-7.09 -14.25
-7.89 -14.86
-5.06 -12.92
-4.60 -12.48
-4.73 -12.60
-8.33 -15.87
-7.43 -15.87
-5.13 -15.87
-5.01 -15.87
-4.82 -15.87
-5.37 -15.87
-4.73 -15.87
0.14 2.94
2.02 10.14
4.57 19.92
5.33 22.84
7.19 29.97
5.20 -26.42
-20.40 -15.47
-20.40 -15.47
-20.40 -15.47
1.91 -19.54
2.49 -19.54
4.34 -19.54
3.04 -19.54
2.83 -19.54
4.13 -19.54
4.14 -19.54
7.25 -24.43
8.75 -23.84
9.45 -23.01
8.72 -23.87
11.91 -20.08
16.01 -13.91
15.81 -14.22
20.86 -6.61
21.90 -5.05
18.64 -9.95
22.15 -4.67
23.57 -2.54
23.09 -3.27
27.24 2.98
30.65 5.25
33.68 6.71
31.13 5.14
32.12 5.75
32.62 6.06
27.59 2.94
19.31 1.57
23.45 -1.28
16.15 -11.11
22.51 -12.24
27.36 -13.10
28.86 -13.37
29.32 -13.61
30.45 -13.61
22.28 -13.61
11.74 -6.65
0.26 1.65
5.36 -2.53
7.17 -4.01
15.47 -10.82
7.16 -4.01
6.89 -3.79
-3.50 4.73
0.15 1.74
-0.16 1.99
7.97 -4.68
8.36 -20.52
7.63 -20.60
7.11 -20.65
11.73 -20.16
13.00 -20.02
13.82 -19.80
18.92 -17.96
18.39 -18.42
17.57 -19.12
23.53 -14.01
23.56 -13.99
22.78 -14.66
25.43 -12.39
25.77 -12.10
26.94 -11.09
26.19 -11.74
21.92 -8.27
22.92 -8.62
22.72 -9.45
23.34 -9.87
24.22 -11.02
25.18 -11.02
25.30 -11.02
28.02 -7.02
29.20 -6.31
28.42 -10.66
29.16 -10.66
30.19 -10.66
32.31 -9.00
33.89 -8.38
39.10 1.40
39.25 1.68
40.08 3.23
42.24 7.30
47.20 16.62
51.23 24.18
57.31 35.61
60.26 41.15
59.22 39.20
62.67 45.67
64.23 48.59
73.88 66.73
78.40 75.23
84.99 87.60
89.62 96.30
75.92 70.56
84.58 86.82
85.52 88.59
79.63 77.52
80.64 79.43
86.33 90.11
95.90 108.10
104.05 123.40
111.25 136.92
110.91 136.28
119.52 152.46
134.68 180.94
152.04 213.54
141.85 194.41
134.75 181.06
113.57 180.27
129.18 179.29
136.92 178.80
126.27 179.47
137.93 178.74
149.85 233.39
157.23 234.35
164.58 236.10
161.40 235.03
178.77 244.15
198.04 264.96
179.29 243.31
190.96 256.79
191.05 256.88
201.86 269.37
209.13 277.76
175.72 244.91
180.65 243.20
154.07 272.28
150.29 268.99
157.64 265.18
174.79 256.26
160.46 255.76
168.70 255.76
183.83 241.09
174.55 239.74
179.02 240.39
178.71 240.35
166.46 237.79
159.44 220.18
152.49 219.56
164.32 211.78
164.88 211.41
162.77 212.80
155.18 217.79
151.03 220.52
159.73 214.80
164.30 214.18
169.74 213.52
170.25 213.67
169.40 213.42
159.33 210.56
164.89 201.16
159.39 203.05
143.04 210.86
140.10 216.56
147.38 202.45
142.43 212.05
130.09 235.97
104.51 285.57
98.09 298.02
130.63 234.94
138.74 219.20
134.79 200.65
192.34 197.75
176.66 189.75
193.22 198.20
186.10 194.57
185.91 194.47
168.57 185.62
161.15 209.21
175.50 206.76
188.98 205.32
181.14 205.32
183.17 205.32
196.62 223.27
183.20 220.67
179.64 219.98
189.05 221.80
195.89 223.13
236.98 248.51
234.53 245.96
251.21 263.32
253.15 265.33
246.34 258.24
255.21 267.48
278.73 291.94
301.80 315.94
320.25 335.13
347.54 363.52
330.08 345.36
353.54 369.76
343.84 359.67
326.37 341.50
330.40 345.69
319.81 334.68
313.33 327.94
324.39 452.77
327.57 452.77
347.30 478.81
351.32 477.37
349.73 476.57
349.93 476.68
354.12 468.96
376.50 483.75
375.74 482.90
390.90 501.44
410.49 536.23
378.93 478.02
378.14 476.56
352.71 465.95
357.45 462.08
378.37 445.06
378.95 444.59
347.99 442.45
348.93 442.45
340.15 468.44
335.72 469.26
331.40 470.06
301.19 476.00
234.21 527.31
286.52 478.46
284.21 480.62
283.17 481.58
323.17 444.23
306.13 440.75
306.13 440.75
